{
    "D-GLasso": [
        [
            [
                0.002029895782470703,
                2.2840194126676856,
                -14.722644273354536
            ],
            [
                0.00545501708984375,
                2.2681774341717915,
                -14.706985668476264
            ],
            [
                0.010702133178710938,
                2.2025421903177076,
                -14.655442716089432
            ],
            [
                0.018162965774536133,
                1.47119875271445,
                -14.139785353273936
            ],
            [
                0.02699875831604004,
                0.49103459735955823,
                -13.507323819609724
            ],
            [
                0.0376286506652832,
                0.12655646789038855,
                -13.307993732709646
            ],
            [
                0.04961752891540527,
                0.031436789052504466,
                -13.251434167182143
            ],
            [
                0.06296300888061523,
                0.02130353326129253,
                -13.241446502237
            ],
            [
                0.07852458953857422,
                0.008700484077619919,
                -13.23548860903109
            ],
            [
                0.09549999237060547,
                0.008700484077619919,
                -13.23548860903109
            ],
            [
                0.09786009788513184,
                0.003265603636680936,
                -13.230098779279981
            ],
            [
                0.10160350799560547,
                0.003265603636680936,
                -13.230098779279981
            ],
            [
                0.10714006423950195,
                0.002165710901120832,
                -13.22900741737337
            ],
            [
                0.11446881294250488,
                0.0009897003251939651,
                -13.227842389690336
            ],
            [
                0.12316060066223145,
                0.0004821641071828253,
                -13.227337584969252
            ],
            [
                0.13327932357788086,
                0.00028271439704319334,
                -13.227138299279165
            ],
            [
                0.1448361873626709,
                0.00027335054069865805,
                -13.22712893575374
            ],
            [
                0.15777206420898438,
                7.495799978052275e-05,
                -13.226930762953657
            ],
            [
                0.17291784286499023,
                5.8992783767308765e-05,
                -13.226918678348797
            ],
            [
                0.18941545486450195,
                5.8992783767308765e-05,
                -13.226918678348797
            ],
            [
                0.0,
                0.0,
                0.0
            ],
            [
                0.0,
                0.0,
                0.0
            ],
            [
                0.0,
                0.0,
                0.0
            ],
            [
                0.0,
                0.0,
                0.0
            ],
            [
                0.0,
                0.0,
                0.0
            ],
            [
                0.0,
                0.0,
                0.0
            ],
            [
                0.0,
                0.0,
                0.0
            ],
            [
                0.0,
                0.0,
                0.0
            ],
            [
                0.0,
                0.0,
                0.0
            ],
            [
                0.0,
                0.0,
                0.0
            ],
            [
                0.0,
                0.0,
                0.0
            ],
            [
                0.0,
                0.0,
                0.0
            ],
            [
                0.0,
                0.0,
                0.0
            ],
            [
                0.0,
                0.0,
                0.0
            ],
            [
                0.0,
                0.0,
                0.0
            ],
            [
                0.0,
                0.0,
                0.0
            ],
            [
                0.0,
                0.0,
                0.0
            ],
            [
                0.0,
                0.0,
                0.0
            ],
            [
                0.0,
                0.0,
                0.0
            ],
            [
                0.0,
                0.0,
                0.0
            ],
            [
                0.0,
                0.0,
                0.0
            ],
            [
                0.0,
                0.0,
                0.0
            ],
            [
                0.0,
                0.0,
                0.0
            ],
            [
                0.0,
                0.0,
                0.0
            ],
            [
                0.0,
                0.0,
                0.0
            ],
            [
                0.0,
                0.0,
                0.0
            ],
            [
                0.0,
                0.0,
                0.0
            ],
            [
                0.0,
                0.0,
                0.0
            ],
            [
                0.0,
                0.0,
                0.0
            ],
            [
                0.0,
                0.0,
                0.0
            ],
            [
                0.0,
                0.0,
                0.0
            ],
            [
                0.0,
                0.0,
                0.0
            ],
            [
                0.0,
                0.0,
                0.0
            ],
            [
                0.0,
                0.0,
                0.0
            ],
            [
                0.0,
                0.0,
                0.0
            ],
            [
                0.0,
                0.0,
                0.0
            ],
            [
                0.0,
                0.0,
                0.0
            ],
            [
                0.0,
                0.0,
                0.0
            ],
            [
                0.0,
                0.0,
                0.0
            ],
            [
                0.0,
                0.0,
                0.0
            ],
            [
                0.0,
                0.0,
                0.0
            ],
            [
                0.0,
                0.0,
                0.0
            ],
            [
                0.0,
                0.0,
                0.0
            ],
            [
                0.0,
                0.0,
                0.0
            ],
            [
                0.0,
                0.0,
                0.0
            ],
            [
                0.0,
                0.0,
                0.0
            ],
            [
                0.0,
                0.0,
                0.0
            ],
            [
                0.0,
                0.0,
                0.0
            ],
            [
                0.0,
                0.0,
                0.0
            ],
            [
                0.0,
                0.0,
                0.0
            ],
            [
                0.0,
                0.0,
                0.0
            ],
            [
                0.0,
                0.0,
                0.0
            ],
            [
                0.0,
                0.0,
                0.0
            ],
            [
                0.0,
                0.0,
                0.0
            ],
            [
                0.0,
                0.0,
                0.0
            ],
            [
                0.0,
                0.0,
                0.0
            ],
            [
                0.0,
                0.0,
                0.0
            ],
            [
                0.0,
                0.0,
                0.0
            ],
            [
                0.0,
                0.0,
                0.0
            ],
            [
                0.0,
                0.0,
                0.0
            ],
            [
                0.0,
                0.0,
                0.0
            ],
            [
                0.0,
                0.0,
                0.0
            ],
            [
                0.0,
                0.0,
                0.0
            ],
            [
                0.0,
                0.0,
                0.0
            ],
            [
                0.0,
                0.0,
                0.0
            ],
            [
                0.0,
                0.0,
                0.0
            ],
            [
                0.0,
                0.0,
                0.0
            ],
            [
                0.0,
                0.0,
                0.0
            ],
            [
                0.0,
                0.0,
                0.0
            ],
            [
                0.0,
                0.0,
                0.0
            ],
            [
                0.0,
                0.0,
                0.0
            ],
            [
                0.0,
                0.0,
                0.0
            ],
            [
                0.0,
                0.0,
                0.0
            ],
            [
                0.0,
                0.0,
                0.0
            ],
            [
                0.0,
                0.0,
                0.0
            ],
            [
                0.0,
                0.0,
                0.0
            ],
            [
                0.0,
                0.0,
                0.0
            ],
            [
                0.0,
                0.0,
                0.0
            ],
            [
                0.0,
                0.0,
                0.0
            ],
            [
                0.0,
                0.0,
                0.0
            ]
        ],
        [
            [
                1.7764823385788253,
                0.0,
                0.41129071498846165,
                0.6802207180567007,
                0.002847080298610918,
                0.02226862657982264,
                0.0005932073892218142,
                0.000702849820289412,
                0.2008429039167431,
                0.0
            ],
            [
                0.0,
                1.5026470907039369,
                0.0,
                0.0,
                0.0,
                0.0,
                0.0,
                0.0,
                0.0,
                0.0
            ],
            [
                0.41129071498846165,
                0.0,
                1.3484368837060277,
                0.15748451836752753,
                0.0006591552678097674,
                0.00515562645849514,
                0.00013733921579240786,
                0.0001627236020525837,
                0.04649909529545873,
                0.0
            ],
            [
                0.6802207180567007,
                0.0,
                0.15748451836752753,
                1.7235641101888712,
                0.00550938413903122,
                0.046438928718672834,
                0.0012377623616005686,
                0.0013600844535058242,
                0.4193038703827614,
                0.0
            ],
            [
                0.002847080298610918,
                0.0,
                0.0006591552678097674,
                0.00550938413903122,
                1.7545662102127038,
                0.10738847691394493,
                5.6012986221439846e-05,
                0.43314427982082077,
                0.018876586047732777,
                0.0
            ],
            [
                0.02226862657982264,
                0.0,
                0.00515562645849514,
                0.046438928718672834,
                0.10738847691394493,
                0.926413747263374,
                0.0004798108703054499,
                0.02651065786129929,
                0.1625405660354509,
                0.0
            ],
            [
                0.0005932073892218142,
                0.0,
                0.00013733921579240786,
                0.0012377623616005686,
                5.6012986221439846e-05,
                0.0004798108703054499,
                1.7232368244328489,
                1.382775094851388e-05,
                0.004332780182339128,
                0.0
            ],
            [
                0.000702849820289412,
                0.0,
                0.0001627236020525837,
                0.0013600844535058242,
                0.43314427982082077,
                0.02651065786129929,
                1.382775094851388e-05,
                1.3113974606766579,
                0.004660003835437915,
                0.0
            ],
            [
                0.2008429039167431,
                0.0,
                0.04649909529545873,
                0.4193038703827614,
                0.018876586047732777,
                0.1625405660354509,
                0.004332780182339128,
                0.004660003835437915,
                1.4677711302130323,
                0.0
            ],
            [
                0.0,
                0.0,
                0.0,
                0.0,
                0.0,
                0.0,
                0.0,
                0.0,
                0.0,
                1.1483592356551506
            ]
        ],
        [
            [
                0.7062920971347308,
                0.0,
                -0.18474063749724162,
                -0.25768548988911133,
                -8.218928662434005e-05,
                -8.928887657101077e-06,
                -1.270571464737007e-07,
                -9.082086491683909e-20,
                -0.01717703544714797,
                0.0
            ],
            [
                0.0,
                0.6654922544265104,
                0.0,
                0.0,
                0.0,
                0.0,
                0.0,
                0.0,
                0.0,
                0.0
            ],
            [
                -0.18474063749724162,
                0.0,
                0.7979476992103988,
                -2.493162249380989e-17,
                -8.12773225365488e-20,
                1.419323595216689e-18,
                -2.8529268590426486e-21,
                6.1153386479705076e-21,
                -6.492404782190178e-19,
                0.0
            ],
            [
                -0.2576854898891113,
                0.0,
                -1.57544426231674e-17,
                0.7236018629913686,
                -9.676937711487015e-06,
                4.627352323665271e-06,
                4.926215440302295e-08,
                7.410280502739027e-20,
                -0.1714540667684036,
                0.0
            ],
            [
                -8.218928662434008e-05,
                0.0,
                -7.384504642430954e-20,
                -9.676937711486646e-06,
                0.6246116093483894,
                -0.0665363690108317,
                -9.669638444368204e-08,
                -0.20495918279157752,
                4.943504481073221e-18,
                0.0
            ],
            [
                -8.92888765709783e-06,
                0.0,
                1.3740194453549346e-18,
                4.627352323660857e-06,
                -0.0665363690108317,
                1.1085321197245002,
                1.121199603880498e-08,
                4.033047162471053e-18,
                -0.12190293298600637,
                0.0
            ],
            [
                -1.270571464737336e-07,
                0.0,
                -3.511491771055561e-22,
                4.9262154403010306e-08,
                -9.669638444368229e-08,
                1.1211996038798556e-08,
                0.5803075979060649,
                -8.246760320986626e-22,
                -0.001713033008010993,
                0.0
            ],
            [
                -1.9028816934335172e-20,
                0.0,
                1.4264003783406492e-20,
                -7.735778768084954e-20,
                -0.20495918279157752,
                3.119124317137369e-18,
                -8.948603305621316e-22,
                0.8302417308793112,
                -1.234642195345452e-20,
                0.0
            ],
            [
                -0.017177035447147975,
                0.0,
                -3.534303710436965e-18,
                -0.17145406676840358,
                3.78231000045144e-18,
                -0.12190293298600634,
                -0.001713033008010993,
                -1.5868583234469626e-19,
                0.7461400560686774,
                0.0
            ],
            [
                0.0,
                0.0,
                0.0,
                0.0,
                0.0,
                0.0,
                0.0,
                0.0,
                0.0,
                0.8708076435937661
            ]
        ]
    ],
    "DP-GLasso": [
        [
            [
                0.0004820823669433594,
                3.3953262699330917,
                -14.074843368151384
            ],
            [
                0.0007390975952148438,
                3.496288041478632,
                -14.175988690491845
            ],
            [
                0.0009810924530029297,
                3.233953498883004,
                -14.20945778718255
            ],
            [
                0.0012259483337402344,
                2.624537427110928,
                -13.974510481651341
            ],
            [
                0.0014688968658447266,
                2.0538500242721422,
                -13.85517437953805
            ],
            [
                0.0017101764678955078,
                1.7612912098531943,
                -13.971784704481218
            ],
            [
                0.0019469261169433594,
                1.9090440285351686,
                -14.18183027818582
            ],
            [
                0.0021660327911376953,
                1.9431737399183504,
                -14.40957939771404
            ],
            [
                0.0023839473724365234,
                1.60164726829586,
                -14.446217900865223
            ],
            [
                0.0026018619537353516,
                2.023433086985259,
                -14.95073820121778
            ],
            [
                0.0029387474060058594,
                2.0585035149935837,
                -14.522008425397692
            ],
            [
                0.003171682357788086,
                2.477789559983865,
                -14.974453689229703
            ],
            [
                0.0033957958221435547,
                2.0601411120524276,
                -14.594282801226193
            ],
            [
                0.0036199092864990234,
                1.8580502976122517,
                -14.363680515226822
            ],
            [
                0.003841876983642578,
                1.900283960943593,
                -14.308140102676049
            ],
            [
                0.00406193733215332,
                1.7334669351812302,
                -14.017717262727327
            ],
            [
                0.004281044006347656,
                1.9356601423955375,
                -14.27576496228554
            ],
            [
                0.004500150680541992,
                2.1146989615330227,
                -14.530887605000219
            ],
            [
                0.004718303680419922,
                2.0894010289519223,
                -14.67500377560096
            ],
            [
                0.004933357238769531,
                2.261966456711825,
                -15.044563055612052
            ],
            [
                0.005231380462646484,
                2.367646777311098,
                -14.680534278104158
            ],
            [
                0.005454540252685547,
                2.2809337576631847,
                -14.581101789550633
            ],
            [
                0.0056743621826171875,
                2.1352412062115302,
                -14.59967845113426
            ],
            [
                0.005894660949707031,
                1.965902876970146,
                -14.421810569645837
            ],
            [
                0.00626373291015625,
                1.8239443416678665,
                -14.28600166196183
            ],
            [
                0.006521463394165039,
                1.682858485343452,
                -14.03746871850269
            ],
            [
                0.006750345230102539,
                1.8976346685743692,
                -14.328759209206824
            ],
            [
                0.006972551345825195,
                2.147119102002115,
                -14.642463956934332
            ],
            [
                0.007193565368652344,
                2.1305736926453775,
                -14.791257371180006
            ],
            [
                0.0074138641357421875,
                2.2900206039738933,
                -15.102995430247553
            ],
            [
                0.007727861404418945,
                2.3100783098253164,
                -14.738579239416026
            ],
            [
                0.007953882217407227,
                2.2276148823819906,
                -14.621546228035877
            ],
            [
                0.008175849914550781,
                2.044397882341489,
                -14.47138181597935
            ],
            [
                0.008396625518798828,
                1.9745994072243302,
                -14.371040381075433
            ],
            [
                0.008614301681518555,
                1.8401666897739801,
                -14.271205493166438
            ],
            [
                0.008833169937133789,
                1.6891903934866743,
                -14.044689229139827
            ],
            [
                0.009052276611328125,
                1.8871334088777783,
                -14.333632624946762
            ],
            [
                0.009269475936889648,
                2.1239621195245597,
                -14.649317495575183
            ],
            [
                0.009488821029663086,
                2.089399575303773,
                -14.788504748497443
            ],
            [
                0.009706974029541016,
                2.2602304273314573,
                -15.108616569741262
            ],
            [
                0.01003885269165039,
                2.2988322018069614,
                -14.755134112935837
            ],
            [
                0.010273933410644531,
                2.1878018522117095,
                -14.582814409727678
            ],
            [
                0.010522842407226562,
                2.0733309536315403,
                -14.459334360562732
            ],
            [
                0.01078486442565918,
                1.9796744006246723,
                -14.36314588064686
            ],
            [
                0.011008977890014648,
                1.851972611174748,
                -14.268857917357462
            ],
            [
                0.011230230331420898,
                1.6967311435278027,
                -14.04347572668468
            ],
            [
                0.01145029067993164,
                1.895596172401648,
                -14.332748917702126
            ],
            [
                0.011669158935546875,
                2.1330571479905647,
                -14.649191960437538
            ],
            [
                0.011887073516845703,
                2.106576304632531,
                -14.790423488884178
            ],
            [
                0.012103080749511719,
                2.2778651916578685,
                -15.112100987033214
            ],
            [
                0.01240992546081543,
                2.30274357942303,
                -14.75314115819359
            ],
            [
                0.012633323669433594,
                2.1919220351688704,
                -14.579762390051263
            ],
            [
                0.012853384017944336,
                2.0805650404337044,
                -14.45694859786874
            ],
            [
                0.013072490692138672,
                1.9825846482425007,
                -14.361071233655604
            ],
            [
                0.01329183578491211,
                1.8564549249500644,
                -14.267960801202756
            ],
            [
                0.013508796691894531,
                1.7003950150299616,
                -14.043462342809661
            ],
            [
                0.013725996017456055,
                1.8989708631627593,
                -14.332494102662682
            ],
            [
                0.013943910598754883,
                2.1363739683073923,
                -14.648874477536006
            ],
            [
                0.014225006103515625,
                2.109544625973246,
                -14.790171960493751
            ],
            [
                0.014440774917602539,
                2.2800102090602596,
                -15.111759576770101
            ],
            [
                0.014772891998291016,
                2.3035522597750564,
                -14.752701424692223
            ],
            [
                0.015006303787231445,
                2.1925241761106324,
                -14.579086183411828
            ],
            [
                0.015230178833007812,
                2.079529544831699,
                -14.456190039115901
            ],
            [
                0.015453100204467773,
                1.9815581282537948,
                -14.360364546024547
            ],
            [
                0.01567220687866211,
                1.8566570566256573,
                -14.267906632651005
            ],
            [
                0.015891313552856445,
                1.7002786098957952,
                -14.04349236718964
            ],
            [
                0.016109228134155273,
                1.898899202386092,
                -14.332478276161458
            ],
            [
                0.016328096389770508,
                2.136231439184776,
                -14.648784716365283
            ],
            [
                0.016543865203857422,
                2.1092465795800344,
                -14.790050399742942
            ],
            [
                0.016759872436523438,
                2.279523492428659,
                -15.111545291474673
            ],
            [
                0.017053604125976562,
                2.303525101863574,
                -14.752749847018976
            ],
            [
                0.017275571823120117,
                2.192336705120953,
                -14.57903802233231
            ],
            [
                0.017494678497314453,
                2.0789559693980717,
                -14.45606083377465
            ],
            [
                0.017712831497192383,
                1.9811433918052366,
                -14.360250877838617
            ],
            [
                0.017930030822753906,
                1.8564963213571168,
                -14.267913332015128
            ],
            [
                0.018148183822631836,
                1.700058807437884,
                -14.043499634838842
            ],
            [
                0.018365144729614258,
                1.8986905772004192,
                -14.332481475724352
            ],
            [
                0.018583297729492188,
                2.136015672509128,
                -14.64877023777543
            ],
            [
                0.01879739761352539,
                2.1090497400100396,
                -14.790028236468329
            ],
            [
                0.019010543823242188,
                2.27933549073005,
                -15.11151287492624
            ],
            [
                0.0193023681640625,
                2.3034459610767115,
                -14.75275339895785
            ],
            [
                0.019522428512573242,
                2.1922450281487613,
                -14.579036153731899
            ],
            [
                0.019739627838134766,
                2.078877592692219,
                -14.456045459720002
            ],
            [
                0.01995682716369629,
                1.9810822097212366,
                -14.360236638015696
            ],
            [
                0.02022862434387207,
                1.8564653176133739,
                -14.26791332891429
            ],
            [
                0.02045464515686035,
                1.7000234426228271,
                -14.043500300090079
            ],
            [
                0.020674705505371094,
                1.8986556289659173,
                -14.332482076243648
            ],
            [
                0.020892858505249023,
                2.1359827892611474,
                -14.648769093034105
            ],
            [
                0.02110910415649414,
                2.109029139677272,
                -14.790027013298133
            ],
            [
                0.021322965621948242,
                2.279323372924374,
                -15.111513636639053
            ],
            [
                0.021635055541992188,
                2.3034275993988977,
                -14.752747486787706
            ],
            [
                0.02185988426208496,
                2.192232715088073,
                -14.57903353283255
            ],
            [
                0.0220797061920166,
                2.0788827672356405,
                -14.456043090772425
            ],
            [
                0.02230095863342285,
                1.981082032959172,
                -14.360234204173235
            ],
            [
                0.02251911163330078,
                1.8564672135123566,
                -14.267912323687447
            ],
            [
                0.022736787796020508,
                1.700025399504403,
                -14.043500193320591
            ],
            [
                0.02295374870300293,
                1.8986572857970803,
                -14.332481821069637
            ],
            [
                0.02316880226135254,
                2.1359851389253297,
                -14.648768838956789
            ],
            [
                0.023384809494018555,
                2.1090331115042886,
                -14.790027039177836
            ],
            [
                0.023601055145263672,
                2.279327982733685,
                -15.111514242395842
            ]
        ],
        [
            [
                1.7764823385788253,
                0.3,
                0.5179268608046332,
                0.6802228060620614,
                0.3,
                0.3,
                0.3,
                0.3,
                0.8009547319473673,
                0.5756636694467523
            ],
            [
                0.3,
                1.5026470907039369,
                0.3,
                0.3,
                0.31755503713068417,
                0.3,
                0.3,
                0.3,
                0.3,
                0.3
            ],
            [
                0.5179268608046332,
                0.3,
                1.3484368837060277,
                0.3,
                0.3,
                0.22061338366830277,
                0.29219583972716223,
                0.3258556919255043,
                0.3,
                0.3
            ],
            [
                0.6802228060620614,
                0.3,
                0.3,
                1.7235641101888712,
                0.3,
                0.3,
                0.3,
                0.3,
                0.6584452201537779,
                0.3
            ],
            [
                0.3,
                0.31755503713068417,
                0.3,
                0.3,
                1.7545662102127038,
                0.3479369968182828,
                0.3,
                0.43628999193625173,
                0.3,
                0.3
            ],
            [
                0.3,
                0.3,
                0.22061338366830277,
                0.3,
                0.3479369968182828,
                0.926413747263374,
                0.23260373453256158,
                0.28211808866181914,
                0.3435399718933416,
                0.3
            ],
            [
                0.3,
                0.3,
                0.29219583972716223,
                0.3,
                0.3,
                0.23260373453256158,
                1.7232368244328489,
                0.1697658281161865,
                0.20912533584571957,
                0.16848163969078359
            ],
            [
                0.3,
                0.3,
                0.3258556919255043,
                0.3,
                0.43628999193625173,
                0.28211808866181914,
                0.1697658281161865,
                1.3113974606766579,
                0.19560411334902172,
                0.16632857254256006
            ],
            [
                0.8009547319473673,
                0.3,
                0.3,
                0.6584452201537779,
                0.3,
                0.3435399718933416,
                0.20912533584571957,
                0.19560411334902172,
                1.4677711302130323,
                0.22741823134370479
            ],
            [
                0.5756636694467523,
                0.3,
                0.3,
                0.3,
                0.3,
                0.3,
                0.16848163969078359,
                0.16632857254256006,
                0.22741823134370479,
                1.1483592356551506
            ]
        ],
        [
            [
                0.7162774754454057,
                -0.04578357823163074,
                -0.19593130608218165,
                -0.2206756985232213,
                -0.024975904285507437,
                -0.08557948474231207,
                -0.02793025397524546,
                -0.022143938365779797,
                -0.2104029630750664,
                -0.1604138741609203
            ],
            [
                -0.04578357823163074,
                0.7471070326286289,
                -0.08904039668183965,
                -0.05956156401401512,
                -0.06506783970634109,
                -0.16217975567255338,
                -0.06340821141972204,
                -0.059941712509071675,
                -0.014519089476245577,
                -0.05317696228519306
            ],
            [
                -0.19593130608218165,
                -0.08904039668183965,
                0.8888536260822238,
                -0.024816895304231357,
                -0.0609530266578992,
                -0.0884578988762915,
                -0.07423309716257673,
                -0.10107570421718529,
                0.011785407567766122,
                -0.04201351934664542
            ],
            [
                -0.2206756985232213,
                -0.05956156401401512,
                -0.024816895304231357,
                0.749993856324894,
                -0.04141874117205216,
                -0.097681329003876,
                -0.046933900771498276,
                -0.046266014424645036,
                -0.15459980684606178,
                0.01727861721217224
            ],
            [
                -0.024975904285507437,
                -0.06506783970634109,
                -0.0609530266578992,
                -0.04141874117205216,
                0.7070297344953413,
                -0.19263796177972112,
                -0.05653139915620792,
                -0.1412429207137797,
                -0.014578182554760616,
                -0.04647966114355731
            ],
            [
                -0.08557948474231207,
                -0.16217975567255338,
                -0.0884578988762915,
                -0.097681329003876,
                -0.19263796177972112,
                1.300200834211343,
                -0.06201637542793877,
                -0.09993518432049604,
                -0.10104316959623129,
                -0.11186256562019177
            ],
            [
                -0.02793025397524546,
                -0.06340821141972204,
                -0.07423309716257673,
                -0.046933900771498276,
                -0.05653139915620792,
                -0.06201637542793877,
                0.635175012955472,
                2.6456105459922432e-17,
                9.45500802008569e-18,
                2.2297320924799615e-17
            ],
            [
                -0.022143938365779797,
                -0.059941712509071675,
                -0.10107570421718529,
                -0.046266014424645036,
                -0.1412429207137797,
                -0.09993518432049604,
                2.6456105459922432e-17,
                0.8855118481433093,
                -9.45500802008569e-18,
                -1.0212437225582412e-17
            ],
            [
                -0.2104029630750664,
                -0.014519089476245577,
                0.011785407567766122,
                -0.15459980684606178,
                -0.014578182554760616,
                -0.10104316959623129,
                9.45500802008569e-18,
                -9.45500802008569e-18,
                0.8926627951437619,
                -8.84317332484408e-18
            ],
            [
                -0.1604138741609203,
                -0.05317696228519306,
                -0.04201351934664542,
                0.01727861721217224,
                -0.04647966114355731,
                -0.11186256562019177,
                2.2297320924799615e-17,
                -1.0212437225582412e-17,
                -8.84317332484408e-18,
                1.0129414478223275
            ]
        ]
    ],
    "P-Glasso": [
        [
            [
                0.0027573108673095703,
                2.3844313594556574,
                -14.862272394499684
            ],
            [
                0.004143476486206055,
                2.3690605485202596,
                -14.847084042706982
            ],
            [
                0.005926609039306641,
                1.9487500800353388,
                -14.462897525276198
            ],
            [
                0.007890701293945312,
                1.5690868855414681,
                -14.211241711805998
            ],
            [
                0.010167837142944336,
                0.805169882032926,
                -13.758831359236726
            ],
            [
                0.011980772018432617,
                0.19202976771511082,
                -13.386004538425926
            ],
            [
                0.013367891311645508,
                0.073869189082858,
                -13.320567318030696
            ],
            [
                0.014748096466064453,
                0.009808366933267365,
                -13.27448634920118
            ],
            [
                0.017386198043823242,
                0.02316881338557053,
                -13.248627065684019
            ],
            [
                0.018764257431030273,
                0.0024032330647827393,
                -13.237974855387144
            ],
            [
                0.020740270614624023,
                0.008972984003159823,
                -13.236924102655454
            ],
            [
                0.022126436233520508,
                0.008972984003159823,
